+-------------+------------------------+
| Values of N |    Time Complexity     |
+-------------+------------------------+
|      14     | 0.00010378200000005222 |
|      15     | 0.00015294499999995992 |
|      16     | 0.00026113199999988623 |
|      17     | 0.0004151349999998999  |
|      18     | 0.0009255029999999387  |
|      19     | 0.0015127370000000973  |
|      20     |  0.00176038700000003   |
|      21     | 0.0035921560000000685  |
|      22     |  0.005376011000000069  |
|      23     |  0.010209687000000134  |
|      24     |  0.015332936999999935  |
|      25     |  0.023873267000000142  |
|      27     |  0.05829264700000003   |
|      30     |  0.21161980300000005   |
|      34     |      1.336757261       |
+-------------+------------------------+